[results]
loss=1.4996533
err=0.4401797
elapsed_time_chunk=10.049302
