[results]
loss=1.0473826
err=0.3254777
elapsed_time_chunk=9.719104
