[results]
loss=1.7333437
err=0.4904977
elapsed_time_chunk=9.799010
