[results]
loss=1.626336
err=0.46711835
elapsed_time_chunk=9.836849
