[results]
loss=1.0948896
err=0.3380252
elapsed_time_chunk=9.950763
