[results]
loss=1.130892
err=0.3471677
elapsed_time_chunk=9.711923
