[results]
loss=1.3857751
err=0.41149056
elapsed_time_chunk=10.037492
