[results]
loss=1.4806149
err=0.43499967
elapsed_time_chunk=9.594409
