[results]
loss=1.0401633
err=0.322603
elapsed_time_chunk=8.895273
