[results]
loss=1.7652867
err=0.49753097
elapsed_time_chunk=9.473349
