[results]
loss=1.1734828
err=0.35776395
elapsed_time_chunk=10.136492
