[results]
loss=1.2753328
err=0.38597795
elapsed_time_chunk=9.940578
