[results]
loss=1.0243834
err=0.31835163
elapsed_time_chunk=9.824619
