[results]
loss=1.9027312
err=0.52485025
elapsed_time_chunk=9.706994
