[results]
loss=1.3139083
err=0.39454702
elapsed_time_chunk=9.651134
