[results]
loss=1.5733387
err=0.45580015
elapsed_time_chunk=9.781785
