[results]
loss=1.6374199
err=0.4701318
elapsed_time_chunk=10.023618
