[results]
loss=1.06959
err=0.32920817
elapsed_time_chunk=9.582989
