[results]
loss=1.0411303
err=0.32247767
elapsed_time_chunk=9.727247
