[results]
loss=2.8916755
err=0.68737787
elapsed_time_chunk=10.129113
