[results]
loss=1.0891573
err=0.3371136
elapsed_time_chunk=8.998545
