[results]
loss=1.064053
err=0.32941532
elapsed_time_chunk=9.789295
