[results]
loss=1.0552322
err=0.32753864
elapsed_time_chunk=9.803198
