[results]
loss=1.1383393
err=0.34986392
elapsed_time_chunk=9.914099
