[results]
loss=1.0342926
err=0.32057217
elapsed_time_chunk=9.888269
