[results]
loss=1.1102672
err=0.34009606
elapsed_time_chunk=9.658010
