[results]
loss=2.0945098
err=0.5627404
elapsed_time_chunk=9.727047
