[results]
loss=1.176045
err=0.359651
elapsed_time_chunk=9.718191
