[results]
loss=1.0795648
err=0.33498943
elapsed_time_chunk=9.607464
