[results]
loss=1.028898
err=0.31859404
elapsed_time_chunk=9.300150
