[results]
loss=1.0360408
err=0.32219827
elapsed_time_chunk=9.645842
