[results]
loss=1.1115401
err=0.34351298
elapsed_time_chunk=9.701622
