[results]
loss=1.3594272
err=0.40437967
elapsed_time_chunk=9.735392
