[results]
loss=1.8393136
err=0.51228184
elapsed_time_chunk=8.914704
