[results]
loss=1.0397297
err=0.324046
elapsed_time_chunk=9.683129
