[results]
loss=1.1939081
err=0.3640222
elapsed_time_chunk=9.668870
