[results]
loss=1.078583
err=0.33346853
elapsed_time_chunk=9.799662
