[results]
loss=1.0365368
err=0.32011583
elapsed_time_chunk=10.131458
