[results]
loss=1.2817426
err=0.38407966
elapsed_time_chunk=9.439651
