[results]
loss=1.0470594
err=0.3248014
elapsed_time_chunk=9.876000
