[results]
loss=1.8809993
err=0.52045107
elapsed_time_chunk=9.553089
