[results]
loss=1.0973694
err=0.33781904
elapsed_time_chunk=9.850673
