[results]
loss=2.0451288
err=0.55292845
elapsed_time_chunk=9.754813
