[results]
loss=1.0266676
err=0.31924555
elapsed_time_chunk=9.703911
