[results]
loss=1.1073985
err=0.3405287
elapsed_time_chunk=12.185199
