[results]
loss=2.2231631
err=0.58639395
elapsed_time_chunk=4.972336
