[results]
loss=1.298421
err=0.39103997
elapsed_time_chunk=9.438072
