[results]
loss=1.7323829
err=0.49078435
elapsed_time_chunk=9.970899
