[results]
loss=1.0366341
err=0.32137007
elapsed_time_chunk=9.509508
