[results]
loss=1.0483904
err=0.32435867
elapsed_time_chunk=9.802551
