[results]
loss=1.5635494
err=0.4526549
elapsed_time_chunk=9.714894
