[results]
loss=1.6363518
err=0.46965778
elapsed_time_chunk=9.737468
