[results]
loss=1.6269011
err=0.46753013
elapsed_time_chunk=9.710093
