[results]
loss=1.5090517
err=0.44008097
elapsed_time_chunk=9.763085
