[results]
loss=1.042543
err=0.3227095
elapsed_time_chunk=9.774582
