[results]
loss=1.0428492
err=0.32340494
elapsed_time_chunk=9.593338
