[results]
loss=1.5736414
err=0.45559746
elapsed_time_chunk=9.933669
