[results]
loss=1.1830564
err=0.3614731
elapsed_time_chunk=9.681084
