[results]
loss=1.3281127
err=0.39851624
elapsed_time_chunk=10.079454
