[results]
loss=1.0225508
err=0.31738225
elapsed_time_chunk=9.621106
