[results]
loss=1.0334978
err=0.3215559
elapsed_time_chunk=9.780306
