[results]
loss=1.0486883
err=0.32567608
elapsed_time_chunk=10.238059
