[results]
loss=1.6409587
err=0.47268274
elapsed_time_chunk=9.763620
