[results]
loss=1.3413984
err=0.40004504
elapsed_time_chunk=9.597333
