[results]
loss=1.5066183
err=0.4407867
elapsed_time_chunk=9.729337
