[results]
loss=1.1441094
err=0.3514918
elapsed_time_chunk=9.858140
