[results]
loss=1.0621881
err=0.32829028
elapsed_time_chunk=9.697481
