[results]
loss=1.1727822
err=0.35933557
elapsed_time_chunk=9.893103
