[results]
loss=1.0813562
err=0.33427554
elapsed_time_chunk=9.926576
