[results]
loss=1.4781077
err=0.4360889
elapsed_time_chunk=9.494077
