[results]
loss=1.0666289
err=0.33017507
elapsed_time_chunk=9.700511
