[results]
loss=1.7452294
err=0.49238393
elapsed_time_chunk=9.714764
