[results]
loss=1.0317264
err=0.32083946
elapsed_time_chunk=9.985417
