[results]
loss=1.3713291
err=0.4081987
elapsed_time_chunk=9.917058
