[results]
loss=1.0556327
err=0.32536688
elapsed_time_chunk=9.992477
