[results]
loss=1.2170582
err=0.37102428
elapsed_time_chunk=9.668237
