[results]
loss=1.0397234
err=0.32279152
elapsed_time_chunk=9.694335
