[results]
loss=1.2749001
err=0.3849704
elapsed_time_chunk=10.001405
