[results]
loss=1.2831208
err=0.3879315
elapsed_time_chunk=9.887450
