[results]
loss=1.2816615
err=0.3872232
elapsed_time_chunk=9.748110
