[results]
loss=1.0375632
err=0.32373348
elapsed_time_chunk=5.897772
