[results]
loss=1.1908686
err=0.36332327
elapsed_time_chunk=9.897884
