[results]
loss=1.1126424
err=0.34387815
elapsed_time_chunk=10.029176
