[results]
loss=1.074185
err=0.33255792
elapsed_time_chunk=9.722854
