[results]
loss=1.0291513
err=0.3195023
elapsed_time_chunk=9.246801
