[results]
loss=1.8940434
err=0.525233
elapsed_time_chunk=9.930738
