[results]
loss=1.1001806
err=0.33851668
elapsed_time_chunk=9.861530
