[results]
loss=1.0289537
err=0.31937015
elapsed_time_chunk=9.683925
