[results]
loss=3.6567857
err=0.7686126
elapsed_time_chunk=9.996710
