[results]
loss=1.0697566
err=0.3310701
elapsed_time_chunk=9.340099
