[results]
loss=1.2541853
err=0.381716
elapsed_time_chunk=9.821546
