[results]
loss=1.0320691
err=0.32081193
elapsed_time_chunk=9.771955
