[results]
loss=1.0364445
err=0.32387757
elapsed_time_chunk=9.963980
