[results]
loss=1.1135439
err=0.34254393
elapsed_time_chunk=9.651857
