[results]
loss=1.1588069
err=0.3559437
elapsed_time_chunk=9.468014
