[results]
loss=1.547176
err=0.4508123
elapsed_time_chunk=9.783760
