[results]
loss=1.166043
err=0.35558555
elapsed_time_chunk=9.973078
