[results]
loss=1.7272648
err=0.4893194
elapsed_time_chunk=9.827773
