[results]
loss=2.5918086
err=0.6467852
elapsed_time_chunk=10.141394
