[results]
loss=5.2904963
err=0.87283576
elapsed_time_chunk=9.946712
