[results]
loss=1.1200161
err=0.34545815
elapsed_time_chunk=9.630508
