[results]
loss=1.4324923
err=0.42163554
elapsed_time_chunk=9.632371
