[results]
loss=1.0451654
err=0.32435173
elapsed_time_chunk=9.734332
