[results]
loss=1.228493
err=0.37210664
elapsed_time_chunk=9.664776
