[results]
loss=1.0334306
err=0.32082057
elapsed_time_chunk=9.876090
