[results]
loss=1.2644556
err=0.38127282
elapsed_time_chunk=9.823731
