[results]
loss=1.2880235
err=0.38880044
elapsed_time_chunk=9.697963
