[results]
loss=1.0638188
err=0.33035398
elapsed_time_chunk=9.747393
