[results]
loss=1.3211368
err=0.39543304
elapsed_time_chunk=9.785243
