[results]
loss=2.0812697
err=0.5596101
elapsed_time_chunk=7.529729
