[results]
loss=2.4116096
err=0.6183921
elapsed_time_chunk=10.510966
