[results]
loss=1.0503786
err=0.32471874
elapsed_time_chunk=9.627365
