[results]
loss=1.0541191
err=0.32666326
elapsed_time_chunk=9.799422
