[results]
loss=1.0386623
err=0.3212371
elapsed_time_chunk=6.100720
