[results]
loss=1.076418
err=0.33341327
elapsed_time_chunk=9.961014
