[results]
loss=1.0347637
err=0.3219486
elapsed_time_chunk=9.823936
