[results]
loss=1.1035018
err=0.34224588
elapsed_time_chunk=9.903047
