[results]
loss=2.1721275
err=0.5769514
elapsed_time_chunk=9.483693
