[results]
loss=1.8972074
err=0.5253782
elapsed_time_chunk=9.659902
