[results]
loss=1.3416729
err=0.40004164
elapsed_time_chunk=9.754901
